10101030001102102410112  51010121111  93292100000
10101030001102102410252075101011049
10101030001102102410351  5101
20101030001102102411123021000522150003
101011710011087003101114011010320911  919521
1010117100110870031022 0111010320611  91952112121
10101171001108700310331205101031081       92
10101171001108700310432155101031061       9200000
10101171001108700310531  5101031051       92
10101171001108700310631115101011031       92
10101171001108700310732095101011039
10101171001108700310832065101012009
10101171001108700310931045101
10101171001108700311031035101
10101171001108700311131005101
10101171001108700311242702201012041       9205020
20101171001108700316              0012
20101171001211202811139  4        0000
101010750021056004101113711010121311  914521
10101075002105600410222301222012121       9201011
10101075002105600410332005101
20101075002105600412121012000534240003
101010880022074020101112711010120611  610131
10101088002207402010222241101012002       9201010
10101088002207402010331085101011029
20101088002207402011135011000665250003
101010180031007006101124721010121311  41652104040
10101018003100700610231225101011131       92
10101018003100700610331205101011131       92
10101018003100700610432075122041039
10101018003100700610562165101021111       9200000
20101018003100700612123032000556140005
101010850031054009101112951010120521  611421
10101085003105400910242  2201012002       9213090
20101085003105400911125011000665250002
10101027005102402110112804201012111       9213080
101010270051024021102612651010120611  525241
10101027005102402110362215101012041       9200000
10101027005102402110461145101012041       92
20101027005102402111123061000421140004
101010610052048026101123621010121111  23802105050
10101061005204802610232145101011101       9200000
10101061005204802610331125101011091       92
10101061005204802610432085101011059
10101061005204802610532085101011059
10101061005204802610632045101
20101061005204802611121023000555250006
10101156005109300810112594201012111       9210090
10101156005109300810232215101011141       9200000
10101156005109300810351045201
20101156005109300811123021000421140003
101011460051124012101123151010121511  23802101010
10101146005112401210231025101
101011460051124012103513751010121411  931421
10101146005112401210462135101012002       9200000
20101146005112401212521023000556250004
101010770061054002101113311710121611  348021
101010770061054002102223612210121311  23802106060
10101077006105400210332195121011131       9200000
10101077006105400210431185121011101       92
10101077006105400210532115121011061       9299999
10101077006105400210631095121011059
10101077006105400210732055121019999
10101077006105400210832025121
10101077006105400210951185171061121       92
20101077006105400212621022000522140009
101011070061074001101115312210221211  830021
101011070061074001102223412010421111  91002104042
10101107006107400110331045101
10101107006107400110431045101
10101107006107400110532005101
10101107006107400110632504101012002       9204040
20101107006107400111121012000522240006
101010580071034007101114811210120411  930021
10101058007103400710222451201012061       9215110
10101058007103400710331  5101011041       92
10101058007103400710431145101012041       92
10101058007103400710531114101012031       92
10101058007103400710631105101011041       92
10101058007103400710732095101011039
10101058007103400710831075101011029
10101058007103400710952095101012009
20101058007103400711135012000662240009
101010730071058005101114511010120611  725021
10101073007105800510222411101012101       9206050
10101073007105800510331195101011131       92
10101073007105800510432175101011101       9200000
10101073007105800510532145101011091       9200000
10101073007105800510632105101011061       9299999
10101073007105800510731045101
20101073007105800511121031000521140007
20101073008106102211119  4        0000
101011810081128023101113811010220611  520031
101011810081128023102223211010220411  52003106060
10101181008112802310331135101021091       92
10101181008112802310431115101021061       92
10101181008112802310532095101021069
10101181008112802310631075101021039
10101181008112802310731055101029999
10101181008112802310832015101
10101181008112802310951225101022041       92
20101181008112802312123012000522140009
101011260091097025101127142010120111  61013100000
10101126009109702510232331101012061       9208080
101011260091097025103521551010120611  9900 100000
10101126009109702510451145101011111       92
101011260091097025105521351010120611  9900 100000
10101126009109702510652115101011061       9299999
10101126009109702510752055101019999
10101126009109702510852035101
20101126009109702511123021000555250008
101011500091140010101114111010120411  610131
101011500091140010102223912010120311  74203107070
101011500091140010103322051010120411  74203101010
10101150009114001010451025101
101011500091140010105311951010120311  610131
101011500091140010106321351010120221  74203100000
101011500091140010107321151010120221  74203199999
10101150009114001010831035101
10101150009114001010931035101
10101150009114001011031015101
20101150009114001011134011000665250010
101010620122055016101113411010221311  017521
20101062012205501612135012000455250001
101011620142131017101124842010120021  61013101000
20101162014213101711135011000665250001
101010130152013019101113012010120611  610131
101010130152013019102223211010120411  61013100000
20101013015201301911135011000666250002
20101013017202101811139  4        0000
101011500182122014101113411010120411  610131
101011500182122014102223311010120411  61013107061
101011500182122014103321551010120611  92014100000
10101150018212201410431065101012009
10101150018212201410531055101019009
10101150018212201410631035101
10101150018212201410732005101
20101150018212201411135021000666250007
101010380212032027101112812010120511  610131
101010380212032027102222712010120021  74203102020
10101038021203202710331085101012009
10101038021203202710432045101
20101038021203202711135011000665250004
101010660232054029101122452010221311  74183103010
20101066023205402911135011000522250001
101010960251086013101115111010120411  610131
101010960251086013102224312010120411  61013110050
101010960251086013103311551010120021  920141
101010960251086013104311051010120021  920141
20101096025108601311135011000665250004
101011560282136015101113511010120411  610131
101011560282136015102223711010120611  61013109071
10101156028213601510332135101012041       9200000
10101156028213601510432115101011011       9299999
10101156028213601510532085101011029
10101156028213601510632075101011029
10101156028213601510732035101
10101156028213601510831005101
20101156028213601511135041000665250008
101011030351095011101115511010120021  610131
101011030351095011102225312010120411  61013107040
101011030351095011103311851010120511  610141
10101103035109501110431105101011051       92
20101103035109501111135061000666250004
101020540012054025101113011010121011  610131
101020540012054025102222411010120611  61014105051
10102054001205402510331115101011061       92
10102054001205402510432095101011049
10102054001205402510531045101
10102054001205402510631025101
10102054001205402510732005101
20102054001205402511135031000665250007
10102169001108600310112784221012111       9203010
10102169001108600310232564101032111       9203030
10102169001108600310352235101012111       9200000
10102169001108600310452195101032081       9200000
10102169001108600310552135101031091       9200000
10102169001108600310651045201
20102169001108600311125012000522250006
101021160012108024101112711010120411  610131
101021160012108024102221612010120411  61013101010
10102116001210802410332015101
101021160012108024104424341010120421  92014113070
10102116001210802410552155101012002       9200000
10102116001210802410652115101012002       9299999
10102116001210802410752085101012009
10102116001210802410852025101
20102116001210802411135021000665250008
101020730021056004101113911210121311  936031
10102073002105600410222291201012081       9203030
10102073002105600410331065101012009
10102073002105600410432055101019009
10102073002105600410531025101
20102073002105600411125012000544250005
101020160031006006101114212010121111  910021
10102016003100600610222351101032081       9207060
10102016003100600610331185101011091       92
10102016003100600610431165101011061       92
10102016003100600610531145101011041       92
10102016003100600610632095101011039
10102016003100600610731125101011021       92
10102016003100600610832025101
20102016003100600612123061000522250008
101020490031045011101114612010120511  610131
101020490031045011102223411010120511  61013107050
101020490031045011103311451010120511  610131
101020490031045011104311251010120411  610131
20102049003104501111134021000664250004
101020830031052009101122211010120611  91522101010
101020830031052009102212511010121211  994521
10102083003105200910331025101
20102083003105200912125013000555240003
20102083003105501011129  4        0000
101020410051017007101115211010120911  517521
10102041005101700710222541101012131       9213130
10102041005101700710331265101012131       92
10102041005101700710431255101012131       92
10102041005101700710531235101011131       92
10102041005101700710631225101011131       92
10102041005101700710731205101012111       92
10102041005101700710831195101011111       92
10102041005101700710932165101011121       9200000
10102041005101700711031155101011111       92
10102041005101700711131135101011101       92
10102041005101700711231115121011061       92
10102041005101700711332281101012151       9200000
10102041005101700711452045101
10102041005101700711552145101011091       9200000
10102041005101700711651045101
101020410051017007117614912010120611  8360 1
10102041005101700711861075101011029
20102041005101700712121033000111140018
10102059005204703010112624201012032       9210050
101020590052047030102312711010121111  610131
10102059005204703010352175101012051       9200000
10102059005204703010452115101011041       9299999
10102059005204703010551075101011029
20102059005204703011125021000665250005
101020620051049014101124321010120611  61013102020
10102062005104901410262225101012111       9201010
101020620051049014103613911220420311  610131
10102062005104901410462241101012111       9202020
10102062005104901410562145101012021       9200000
10102062005104901410662035101
101020620051049014107613552010121311  610131
20102062005104901411121031000455340007
101021540051092008101112611010120911  741521
10102154005109200810222221101012091       9202020
10102154005109200810332055101019999
10102154005109200810432025101
10102154005109200810531015101
101021540051092008106426422010120611  74183110070
10102154005109200810751211101012091       92
10102154005109200810852181101022081       9201011
10102154005109200810952155101011091       9202022
10102154005109200811051075101011049
10102154005109200811152065101011029
10102154005109200811252005101
20102154005109200812123022000544140012
10102125005110202610112  12010120111  61013107050
10102125005110202610231035101
10102125005110202610332015101
20102125005110202611125021000522250003
101020750061054002101115412010521111  827521
10102075006105400210222521201052111       9201010
10102075006105400210332125101011081       9200000
10102075006105400210451205101051131       92
10102075006105400210551235101011141       92
10102075006105400210661301301072002       92
20102075006105400211123022000522140006
101020930062060023101123342010120811  61013105051
101020930062060023102321251010120311  91954100000
10102093006206002310332095101011049
10102093006206002310431055101019999
10102093006206002310531015101
10102093006206002310631005101
20102093006206002311135021000455250006
101021050061073001101115212210121011  830021
101021050061073001102224012010120611  52003104040
101021050061073001103312151010120611  520041
101021050061073001104311551010120021  520041
20102105006107300111125012000662250004
101020710071057005101114611010120611  835521
10102071007105700510222251101012111       9201010
10102071007105700510332045101
10102071007105700510452205101011131       9200000
10102071007105700510552185101011121       9200000
10102071007105700510651165101011111       92
10102071007105700510751135101011101       92
10102071007105700510851135101011091       92
10102071007105700510951105101011051       92
10102071007105700511052055101019999
20102071007105700511121051000522140010
101021340082108032101125242010120611  74203114060
101021340082108032102322351010120611  74203100000
10102134008210803210331115101011051       92
10102134008210803210432075101011049
20102134008210803211135011000665250004
101021380082111033101114341010120411  610131
101021380082111033102426442010120021  74203106030
10102138008211103310352095201011029
20102138008211103311135011000665250003
101021790081128027101114521010421311  932921
10102179008112802710231185101022131       92
20102179008112802712123012000522140002
10102265008118802810112405101012111       9201000
20102265008118802811123011000522250001
10102124009109602910112764201012061       9205050
10102124009109602910251145101011101       92
20102124009109602911123031000555250002
101021480101138012101113412010120511  610131
101021480101138012102223312010120411  61013102020
101021480101138012103321551010120511  61014100000
101021480101138012104311451010120411  610141
20102148010113801211134041000664250004
101020380122032034101113112010120021  610131
101020380122032034102222511010120511  61013104040
10102038012203203410332085101012009
10102038012203203410432065101012009
10102038012203203410531045101
10102038012203203410631025101
20102038012203203411135031000665250006
20102060012205401811139  4        0000
101020140141011013101116312010120311  610131
101020140141011013102224612010120021  61013100000
20102014014101101311135041000665250002
101020600162048017101114912010120021  610131
10102060016204801710222  12010120021  61013102011
101020600162048017103312711010120021  610131
101020600162048017104322611010120021  61013104041
10102060016204801710552075101011029
10102060016204801710651025101
10102060016204801710751045101
10102060016204801710851015101
10102060016204801710952005101
20102060016204801711135021000665250009
101021600162129019101113012010120511  610131
10102160016212901910222241101012081       9203031
10102160016212901910332055101019999
10102160016212901910431035101
10102160016212901910531005101
10102160016212901910652135101071011       9200000
20102160016212901911135031000665250006
101020280172019020101114411010121111  610131
101020280172019020102223311010120511  61013103021
10102028017201902010331055101019999
10102028017201902010432005101
20102028017201902012135011000455250004
101021480182120016101112411010120611  610131
101021480182120016102222312010121111  61013103020
10102148018212001610331035101
20102148018212001611135021000956270003
101020360212030031101113012010120311  610131
101020360212030031102222711010120021  74203103031
10102036021203003110331055101019999
10102036021203003110432025101
10102036021203003110531005101
20102036021203003111135021000665250005
101020640232052035101123721010120611  74173103030
10102064023205203510231105101011031       92
10102064023205203510331065101012009
20102064023205203511135011000522250003
101021240242099021101112211010120021  610131
101021240242099021102221611010120021  61013101010
10102124024209902110332015101
20102124024209902111135011000665250003
101021280242102022101113812010120511  610131
101021280242102022102223611010120611  61013109060
10102128024210202210331165101011111       92
101021280242102022104311411010120611  610131
101021280242102022105321511010120311  61013100000
10102128024210202210632135101011051       9200000
10102128024210202210732115101011051       9299999
10102128024210202210832045101
10102128024210202210931015101
10102128024210202211041814221012111       92
20102128024210202211135011000665250010
101020940311085015101116312010120021  610131
101020940311085015102225012010120021  61013104030
101020940311085015103323521010120311  92014101010
101020940311085015104311251010120021  920141
20102094031108501511135021000665250004
20103094001102202011129  4        0000
101030510012042011101112211010120611  610131
101030510012042011102222111010120611  92014104031
10103051001204201110331035101
10103051001204201110432015101
10103051001204201110531005101
20103051001204201111135021000665250005
101031240012113022101114112010120511  610131
101031240012113022102224511010121011  61013108060
101031240012113022103322051010121311  61013101010
101031240012113022104311751010120611  610131
10103124001211302210532135101011101       9200000
10103124001211302210632075101011029
10103124001211302210751025101
20103124001211302212135011000665250007
101030700021031002101113911710621111  017531
10103070002103100210222351171012111       9203031
10103070002103100210332105101011051       9299999
10103070002103100210431075101011049
10103070002103100210532005101
10103070002103100210651055171069999
20103070002103100212121023000421140006
101030900022076016101116611010120021  610131
10103090002207601610222381101012031       9204020
10103090002207601610332085101011029
10103090002207601610431035101
20103090002207601611135021000665250004
101031670021124004101113311010121011  340021
101031670021124004102223711010120811  52522102020
10103167002112400410331055101019999
20103167002112400411321023000534140003
101030340031032008101124311010120511  61013108080
101030340031032008102311651010120611  610031
101030340031032008103311451010110511  610031
10103034003103200810431095101011049
10103034003103200810531085101011049
10103034003103200810631251101012002       92
10103034003103200810731065101012019
101030340031032008108212511010121111  6100 1
10103034003103200810952055101019999
10103034003103200811051035101
10103034003103200811152015101
101030340031032008112321851010120611  61003101010
10103034003103200811351015101
20103034003103200811135061000665250013
101032560031172003101113612010121211  836021
10103256003117200310222341101012131       9200000
20103256003117200311123021000222110002
101030370051017006101115712710121311  417521
10103037005101700610222471201012061       9205050
10103037005101700610332225101012111       9200000
10103037005101700610431195101011131       92
10103037005101700610532175101011091       9200000
10103037005101700610631105101011051       92
20103037005101700612121033000111140006
10103029005102501710112301201012061       9203030
10103029005102501710231105101012051       92
10103029005102501710331085101011039
10103029005102501710432045101
20103029005102501712123021000522250004
10103128005109902110111591201012002       92
10103128005109902110232261201012111       9205050
101031280051099021103223611010120411  52522110100
10103128005109902110451095101011049
10103128005109902110551105101011031       92
10103128005109902110652105101011041       9299999
10103128005109902110752065101012009
10103128005109902110852025101
10103128005109902110942714201012002       9209090
10103128005109902111051155101012002       92
20103128005109902111125031000522150010
101031480051125010101115312010121111  249121
101031480051125010102223611010121211  23802105030
10103148005112501010331175201011111       92
10103148005112501010432115101011061       9299999
10103148005112501010532085101011049
10103148005112501010631065101011029
20103148005112501011521043000522250006
101031980051142001101112011010121311  930021
10103198005114200110222201101012061       9201010
20103198005114200111325013000922240002
101030600071034007101123251010120611  52523104041
10103060007103400710232095101012009
10103060007103400710331085101012009
10103060007103400710431065101012009
101030600071034007105522351010120511  52524101010
10103060007103400710651025101
20103060007103400712135012000662250006
101030750071060005101113611210120911  525221
101030750071060005102222811210121011  52523103030
10103075007106000510332135101012051       9200000
10103075007106000510432095101011039
10103075007106000510532075101011029
10103075007106000510632065121012009
20103075007106000511124012000522340006
10103261007118601910111251101012111       92
10103261007118601910222221101012111       9203020
10103261007118601910332025101
10103261007118601910432015101
20103261007118601911121021000522240004
10103089008106301810112604222012061       9211100
10103089008106301810231325122012061       92
10103089008106301810332255101012141       9200000
10103089008106301810432235101011131       9200000
10103089008106301810532215101011131       9200000
101030890081063018106323011010721511  32852100000
20103089008106301811123042000556340006
20103064012205501411139  4        0000
101030150162015015101113711010120411  610131
101030150162015015102223711010120511  61013106060
101030150162015015103322251010120311  61013100000
101030150162015015104322051010120511  92014100000
101030150162015015105321851010120511  92014100000
1010301501620150151063 0651010120411  92014100000
10103015016201501510731115101012051       92
10103015016201501510831035101
20103015016201501511135011000666250008
101031580162138013101123742010120311  61013104030
10103158016213801310231085101012009
101031580162138013103311411010120021  610141
10103158016213801310431045101
10103158016213801310532035101
10103158016213801310631025101
10103158016213801310731025301
101031580162138013108523122010120021  61014103010
101031580162138013109522921010120411  61014106050
20103158016213801311135031000665250009
101031520192124012101115212010120511  610131
101031520192124012102223412010120411  61013102010
10103152019212401210331085101011039
20103152019212401211135031000666250003
101030680232056023101114111010121111  610131
101030680232056023102222411010120311  61013104031
10103068023205602310331045101
10103068023205602310432025101
10103068023205602310531005101
20103068023205602311135021000522250005
101031050361097009101113112010120611  610131
101031050361097009102223511010120311  61013108081
10103105036109700910331095101011029
10103105036109700910432075101012009
10103105036109700910532065101012009
10103105036109700910631055101019999
10103105036109700910732035101
10103105036109700910831005101
20103105036109700911135061000665250008
101040510012059004101123721010120411  61013104040
101040510012059004102321851010120311  61013100000
10104051001205900410331055101019999
20104051001205900411155011000665250003
101041120012106003101116012010120511  610131
101041120012106003102226012010120511  61013100000
101041120012106003103311551010120411  920141
101041120012106003104321651010120311  92014100000
20104112001210600311135021000455250004
101040110061008002101113912010120611  610131
101040110061008002102222711010120511  61013108080
101040110061008002103312051010120511  610131
101040110061008002104321451010120411  61014100000
10104011006100800210531  5101011041       92
10104011006100800210632065101011029
10104011006100800210731035101
10104011006100800210831015101
10104011006100800210931005101
10104011006100800211032225101012002       9204040
10104011006100800211152015101
20104011006100800211135021000666250011
101040720061053001101124911010220611  52003102020
101040720061053001102213011010221211  520031
10104072006105300110331165101011101       92
10104072006105300110452375101022131       9200000
10104072006105300110552115101012002       9299999
10104072006105300110651095101021049
10104072006105300110752592301072002       9202020
10104072006105300110852342301072002       9208080
10104072006105300110952205301072002       9200000
10104072006105300111052205301072002       9200000
20104072006105300112121032000522140010
10105032001102301810111801201012031       92
10105032001102301810222661201012002       9204040
10105032001102301810332165101011121       9200000
20105032001102301811123041000222150003
101050710011031002101114111010121011  341521
10105071001103100210222351101022131       9202020
10105071001103100210331175101011111       92
20105071001103100211123022000421140003
101050520012043010101113011010121011  610131
101050520012043010102222811010120611  92014103030
10105052001204301010332035101
10105052001204301010431015101
20105052001204301011135021000666250004
101050910022077014101114511010120611  610131
10105091002207701410222451101012041       9207070
10105091002207701410332195101012051       9200000
10105091002207701410431095101011029
101050910022077014105512721010121211  610131
10105091002207701410632015101
20105091002207701411135011000665250006
101051680021125004101114612010321311  347521
101051680021125004102224612010321111  51852107070
10105168002112500410332185101011131       9200000
10105168002112500410431155101011101       92
10105168002112500410531145101011101       92
10105168002112500410631115101011041       92
101051680021125004107621651010120811  91952100000
20105168002112500411123031000111140007
10105035003103300710111  11010121311  610131
101050350031033007102223411010121211  61003104040
10105035003103300710331125101011051       92
10105035003103300710431095101011049
10105035003103300710532025101
20105035003103300711135061000665250005
20105035003117300311129  4        0000
101050380051017006101114411010221311  217521
101050380051017006102224311010221211  2380 103030
10105038005101700610331165171021111       92
10105038005101700610431145171022111       92
10105038005101700610531085101021059
10105038005101700610651155101011061       92
20105038005101700612121033000111140006
101050300051026015101112211010121011  240031
10105030005102601510222251101012131       9201010
10105030005102601510332  5101
20105030005102601511121022000522140003
