101010400406002 1 13110123636200
20101040040600112028010119750121006251915200010001
201010400406002610280202197501210062511175
101010600100405 3 21110311111100
201010600100401110432711195901010062114122
20101060010040222036281219660101006211527503020302
2010106001004033100729011996006100615
20101060010040432005300219980061006 5
20101060010040562022310319810101006252    00000000
101010600205805 3 21140122211100
20101060020580112030151219720041006251515502000200
20101060020580262022160119810041006252    00000000
20101060020580371021170219820041006252
20101060020580462020180319830061006252    00000000
20101060020580531002190420010061    5
101010600206212 5 71110611111100
201010600206201110392603196401010061117419
20101060020620222039270419640101006111741904020402
20101060020620332018280519850061006252    00000000
20101060020620431017290619860061006152
20101060020620531015300719870061006252
20101060020620631013310819890061006152
20101060020620731011010919910061006152
2010106002062083200602101996006100615
201010600206209610210311198101010062517419
201010600206210610250412197701010064517419
20101060020621162023050119800101006251741900000000
20101060020621262023060219800101006251741901000100
101010600306405 3 21110211111100
20101060030640112040190419630021006451418002020202
20101060030640232024200519790021006452    00000000
20101060030640332014210619890021006252    00000000
20101060030640431005220719970061006 5
20101060030640531004230819980061    5
101010600309306 3 31110311111100
201010600309301110370109196500610062113163
20101060030930222039021019630061006212    01010101
20101060030930331016031119860061006252
20101060030930432013041219890061006152    00000000
201010600309305710300501197300610062511193
20101060030930672064060219390061006232
101010600410903 2 12120122216100
201010600410901110241208197800610062215252
20101060041090222023130919790061006221525200010001
20101060041090332008141019940061006152
101010800200904 2 21110711124400
201010800200901110352802196800310044116101
20101080020090222033290319701001004412    01010101
20101080020090331005300419980041004 5
20101080020090432008310519950041004152
101010800303902 1 11110311111100
201010800303901110430112195900410042119201
20101080030390222045020119580041004211920102000200
101010800408002 1 13110122436300
20101080040800111042090919600041004112
20101080040800222042101019600041004112    00000000
101011000116507 4 33110523636300
20101100011650112049161219530081005242    00030003
20101100011650232015170119880051005252    00000000
20101100011650332023180219800081005252    01000100
20101100011650432012190319910051005152    00000000
20101100011650541003200420000051    5
201011000116506610232105198000510051517145
201011000116507610252206197800510052517145
101011000306604 3 12110422411100
201011000306601110502009195200510052114375
20101100030660222043211019590051005211525500030003
20101100030660332023221119790051005252    00010001
20101100030660442001231220010051    5
101011400200501 0 12110145633300
20101140020050111070080119330071007 116201
101011400220204 1 32110245633300
20101140022020112072300219310071007 32
20101140022020271027310319760141007 516201
20101140022020371024010419790141007 516201
20101140022020471027020519760141007 516201
101011400406207 2 52140145636300
20101140040620112070240819320071007 416201
20101140040620241019250919830071007 516201
20101140040620341008261019940071007152
20101140040620441009271119930071007152
20101140040620541006281219960071007 5
20101140040620642005290119980071007 5
20101140040620741004300219990071    5
101011801108504 2 22110423636300
201011801108501110540301194900910092516201
201011801108502610290402197401310092119201
20101180110850362022050319810061009212    00020002
20101180110850462004060419990091    5
101012000910603 1 21110311116400
20101200091060112048140119550101010451328502000200
20101200091060231017150219860101010252
20101200091060361020160319830101010252
101012001203005 2 32110223646300
201012001203001110390511196301010101111175
20101200120300222034061219680101010112515502010201
20101200120300331003070120000101    5
20101200120300432007080219960101010 5
2010120012030056101409031989010101015162
101020600100507 1 61110222233200
201020600100501110420104196100510061119265
2010206001005022202902051974005100611151  05000500
20102060010050331014030619890061006252
20102060010050431012040719900051006152
20102060010050531010050819920051006152
2010206001005063100606091996005100615
20102060010050731004071019980051    5
101020600205902 0 23110214122400
201020600205901810262005197710010062524180
20102060020590281019210619840031006252
101020600206309 5 41110311111100
201020600206301110460703195700910062118363
20102060020630222040080419630061006112525202010201
201020600206303310200905198300910092518363
20102060020630431010100619930061006152
20102060020630532008110719940061006152
20102060020630661044120819580091006251
20102060020630762024130919780061006152    01020102
20102060020630862005141019970091006 5
20102060020630962002151120000061    5
101020600306504 1 31110411111100
201020600306501110522409195000610062111351
20102060030650222051251019510061006212
20102060030650331021261119810061006252
20102060030650431012271219900061006152
101020600309409 5 41110311116100
201020600309401110380703196500610062113150
20102060030940222037080419660031006411527400030003
20102060030940332015090519880061006252    00000000
20102060030940432012100619910061006152    00000000
20102060030940532004110719980061    5
2010206003094067102912081973006100622152
20102060030940772025130919770061006221919500000000
20102060030940871019141019830061006252
20102060030940971010151119920061006152
101020600411004 3 11110211216100
20102060041100112036151119660091006451248001020102
20102060041100232015161219870061006252    00000000
20102060041100332010170119930061006152    00000000
20102060041100461013180219900061006152
101020800100102 1 11110411216400
201020800100101110380303196500410042111301
20102080010010222037040419660041004212    01010101
101020800201001 1 01130211133300
20102080020100112036010619670041004111910100050005
101020800304004 3 11120222633301
201020800304001110420302196100410041111301
20102080030400222045040319580041004212    01070107
20102080030400332020050419830041004252    00010001
20102080030400442002060520010041    5
101020800408102 1 13110122436300
201020800408101110371111196500410041219175
20102080040810222023121219790041004122    00000000
101021000200106 3 32110323633300
20102100020010111022230719800051005 527401
20102100020010252046240819560051005 42    02010100
20102100020010361063250919390051005 12
20102100020010472059261019430051005 12
20102100020010571010271119920051005 5
20102100020010672004281219980051    5
101021000306703 3 02110123433301
20102100030670112027240119760051005151620101010101
20102100030670232006250219970051005152
20102100030670362011260319920051005152    00000000
101021400200705 3 22110245633300
20102140020070112035090219680071007211128000140014
20102140020070232023100319800071007252    00000000
20102140020070352037110419660071007 12    05010501
201021400200704310411205196200610071516201
20102140020070531001130620020071    5
101021400220305 3 22110245636300
20102140022030111059030619440071007 116201
20102140022030222048040719540071007 12    14140707
20102140022030332024050819780071007152    00000000
20102140022030462001060920010071    5
20102140022030561025071019770071007 516201
101021400406304 3 12140145636300
20102140040630112095310319080071007 42
20102140040630262022010419810071007151620101010101
20102140040630341004020519990071    5
20102140040630462000030620030071    5
101021801108602 2 02110223636300
20102180110860112045070519580091009 41620100000000
20102180110860262025080619780091009252919501000100
101022000910705 1 41110211116400
20102200091070111019170419840101010252
20102200091070271018180519850101010252
20102200091070372018190619850111013252    00000000
20102200091070471016200719860031013252
20102200091070571014210819880101010152
101022001203101 0 13110523646300
201022001203101110471004195601010102127250
101030600100603 0 31110311111100
201030600100601110480811195401110064312522
201030600100602710270912197501110065524252
201030600100603710321001197101110062518360
101030600206002 2 01140114232400
20103060020600182029220719730041006251836401010101
20103060020600282018230819840041004252    00000000
101030600206405 3 21110211111100
20103060020640112047161219550091006252422402020202
20103060020640232025170119780091006252519500000000
20103060020640331018180219850061006252
20103060020640431014190319890061006152
20103060020640532007200419960061006152
101030600306611 8 31110211111100
201030600306601110382801196501310062118360
20103060030660222039290219640131006211919502020202
20103060030660331020300319830131006252
20103060030660432018310419850131006252    00000000
20103060030660531013010519900061006152
20103060030660632004020619990061    5
20103060030660762024030719780131006251425500000000
20103060030660862016040819860131006252    00000000
20103060030660962015050919870131006252    00000000
20103060030661062008061019940061006152
20103060030661162003071119990131    5
101030600309505 3 21110311116100
20103060030950112030161219720061006231126600040004
20103060030950232010170119930061006152    00000000
20103060030950332008180219950061006152
20103060030950431012190319910061006152
20103060030950531003200420000061    5
101030600411101 0 11130111216100
201030600411101110551903194801110062111175
101030800100204 3 11120311533300
201030800100201110390505196400410042116101
20103080010020222040060619630041004111610103010301
20103080010020332019070719830041004152    00010001
20103080010020442000080820020041    5
101030800201104 1 31130211133300
201030800201101110500207195200410041119201
20103080020110222041030819610041004112    03020300
20103080020110331005040919970041004 5
20103080020110431001051020010041    5
101030800304102 1 11120122633300
201030800304101110280706197500410042219201
20103080030410222042080719600041004121910101010000
101030800408201 0 13140222636300
20103080040820111043130119600041004252
101031000200208 5 32110623633301
201031000200201110322901197100510052112380
20103100020020222028300219750051005211610101010100
20103100020020332003310320000051    5
20103100020020462050010419530051005 416101
20103100020020562023020519800051005252    00000000
20103100020020662016030619870051005252    00000000
20103100020020761004040719980051    5
20103100020020861018050819840051005252
101031000306806 4 22110223433300
201031000306801110482704195500510051119093
20103100030680222037280519660051005111629502040004
20103100030680332013290619900051005252    00000000
20103100030680432011300719910051005152    00000000
20103100030680531009310819930051005152
20103100030680642007010919950051005152
101031400200805 1 42110245633300
20103140020080112023140719790071007251525000020002
20103140020080261008150819940071007152
20103140020080361011160919910071007152
20103140020080461008171019940071007152
20103140020080561010181119920071007152
101031400220407 3 42110245643302
20103140022040111076081119260101007 116201
20103140022040222079091219230101007 116201
2010314002204036108110011922   1007 316201
20103140022040441015110219880101007152
20103140022040541003120320000071    5
20103140022040642002130420010071    5
20103140022040742004140519990071    5
101031400406405 1 42140145636300
20103140040640111035040719670071007 115275
20103140040640222033050819690071007112    03020202
201031400406403710200609198201010101516201
20103140040640431005071019970071007 5
20103140040640561018081119840071007 516201
101031801108701 0 13110223636300
201031801108701110310907197100610091519201
101032000910806 2 41110311116400
20103200091080112038220919640101010511238004000400
20103200091080231015231019870101010252
20103200091080331012241119900101010 5
20103200091080431010251219920101010152
20103200091080531005260119980101010 5
20103200091080672026270219770101010251919500000000
101032001203212 6 62110523646300
20103200120320111071110519320101010112
20103200120320222070120619330101010112
20103200120320332026130719760101010251338002010201
20103200120320432022140819800101010252    00000000
20103200120320561017150919850101010152
20103200120320661013161019890101010152
20103200120320762008171119940101010152
20103200120320841001181220010101    5
20103200120320942001190120020101    5
20103200120321062007200219960101010 5
20103200120321161008210319950101010152
20103200120321261003220420000101    5
101040600100706 2 43110311111100
20104060010070112049110219540081006231238003010301
20104060010070232020120319830061006252    00000000
20104060010070331018130419850061006252
20104060010070431010140519930061006152
201040600100705710471506195610050062511352
20104060010070671029160719730061006252
